100
0 0.5 0 0 13.3137 7.65685
1 0.5 0 0 13.3137 7.65685
2 0.5 0 0 13.3137 7.65685
3 0.5 0 0 13.3137 7.65685
0 0.5 0 0 24.6274 13.3137
1 0.5 0 0 24.6274 13.3137
2 0.5 0 0 24.6274 13.3137
3 0.5 0 0 24.6274 13.3137
0 0.5 0 0 7.65685 13.3137
1 0.5 0 0 7.65685 13.3137
2 0.5 0 0 7.65685 13.3137
3 0.5 0 0 7.65685 13.3137
0 0.5 0 0 13.3137 24.6274
1 0.5 0 0 13.3137 24.6274
2 0.5 0 0 13.3137 24.6274
3 0.5 0 0 13.3137 24.6274
0 0.5 2 0 18 10
1 0.5 2 0 18 10
2 0.5 2 0 18 10
3 0.5 2 0 18 10
0 0.5 8.34315 0 19.6569 13.3137
1 0.5 8.34315 0 19.6569 13.3137
2 0.5 8.34315 0 19.6569 13.3137
3 0.5 8.34315 0 19.6569 13.3137
0 0.5 2.68629 0 25.3137 24.6274
1 0.5 2.68629 0 25.3137 24.6274
2 0.5 2.68629 0 25.3137 24.6274
3 0.5 2.68629 0 25.3137 24.6274
0 0.5 6.68629 0 29.3137 7.65685
1 0.5 6.68629 0 29.3137 7.65685
2 0.5 6.68629 0 29.3137 7.65685
3 0.5 6.68629 0 29.3137 7.65685
0 0.5 12.3431 0 23.6569 13.3137
1 0.5 12.3431 0 23.6569 13.3137
2 0.5 12.3431 0 23.6569 13.3137
3 0.5 12.3431 0 23.6569 13.3137
0 0.5 5.02944 0 38.9706 10.4853
1 0.5 5.02944 0 38.9706 10.4853
2 0.5 5.02944 0 38.9706 10.4853
3 0.5 5.02944 0 38.9706 10.4853
0 0.5 16.3431 0 27.6569 13.3137
1 0.5 16.3431 0 27.6569 13.3137
2 0.5 16.3431 0 27.6569 13.3137
3 0.5 16.3431 0 27.6569 13.3137
0 0.5 13.5147 0 30.4853 18.9706
1 0.5 13.5147 0 30.4853 18.9706
2 0.5 13.5147 0 30.4853 18.9706
3 0.5 13.5147 0 30.4853 18.9706
0 0.5 14.6863 0 37.3137 7.65685
1 0.5 14.6863 0 37.3137 7.65685
2 0.5 14.6863 0 37.3137 7.65685
3 0.5 14.6863 0 37.3137 7.65685
0 0.5 20.3431 0 31.6569 13.3137
1 0.5 20.3431 0 31.6569 13.3137
2 0.5 20.3431 0 31.6569 13.3137
3 0.5 20.3431 0 31.6569 13.3137
0 0.5 18 0 42 14
1 0.5 18 0 42 14
2 0.5 18 0 42 14
3 0.5 18 0 42 14
0 0.5 24.3431 0 35.6569 13.3137
1 0.5 24.3431 0 35.6569 13.3137
2 0.5 24.3431 0 35.6569 13.3137
3 0.5 24.3431 0 35.6569 13.3137
0 0.5 22.6863 0 45.3137 7.65685
1 0.5 22.6863 0 45.3137 7.65685
2 0.5 22.6863 0 45.3137 7.65685
3 0.5 22.6863 0 45.3137 7.65685
0 0.5 28.3431 0 39.6569 13.3137
1 0.5 28.3431 0 39.6569 13.3137
2 0.5 28.3431 0 39.6569 13.3137
3 0.5 28.3431 0 39.6569 13.3137
0 0.5 22.6863 0 45.3137 24.6274
1 0.5 22.6863 0 45.3137 24.6274
2 0.5 22.6863 0 45.3137 24.6274
3 0.5 22.6863 0 45.3137 24.6274
0 0.5 21.0294 0 54.9706 10.4853
1 0.5 21.0294 0 54.9706 10.4853
2 0.5 21.0294 0 54.9706 10.4853
3 0.5 21.0294 0 54.9706 10.4853
0 0.5 32.3431 0 43.6569 13.3137
1 0.5 32.3431 0 43.6569 13.3137
2 0.5 32.3431 0 43.6569 13.3137
3 0.5 32.3431 0 43.6569 13.3137
0 0.5 30.6863 0 53.3137 7.65685
1 0.5 30.6863 0 53.3137 7.65685
2 0.5 30.6863 0 53.3137 7.65685
3 0.5 30.6863 0 53.3137 7.65685
0 0.5 26 0 58 18
1 0.5 26 0 58 18
2 0.5 26 0 58 18
3 0.5 26 0 58 18
0 0.5 36.3431 0 47.6569 13.3137
1 0.5 36.3431 0 47.6569 13.3137
2 0.5 36.3431 0 47.6569 13.3137
3 0.5 36.3431 0 47.6569 13.3137
0 0.5 40.3431 0 51.6569 13.3137
1 0.5 40.3431 0 51.6569 13.3137
2 0.5 40.3431 0 51.6569 13.3137
3 0.5 40.3431 0 51.6569 13.3137
