20
1 0.965684 525.645 211.725 560.472 241.671
1 0.918951 480.099 270.28 506.937 296.826
1 0.915605 520.805 55.8016 549.176 82.9857
1 0.908583 497.641 22.3984 527.479 51.6531
1 0.908049 149.037 298.956 186.584 333.353
3 0.838333 239.692 102.267 268.227 131.129
0 0.826705 162.197 194.661 229.728 226.238
1 0.782851 130.307 124.154 154.088 147.683
3 0.777045 571.871 153.258 638.247 184.799
1 0.77368 35.1118 303.227 61.7144 328.297
0 0.764853 305.232 131.5 363.914 158.358
1 0.742075 381.716 2.46156 405.555 23.3567
1 0.512167 171.209 70.3345 187.509 85.468
3 0.474013 449.389 94.8371 485.268 117.442
1 0.455484 292.966 134.437 310.545 149.91
1 0.440137 591.324 345.839 614.789 361.941
1 0.434443 81.1868 142.571 97.9043 157.709
1 0.384638 110.33 245.147 129.133 261.97
1 0.315287 102.587 99.794 122.801 119.535
1 0.202604 242.042 105.319 270.728 132.414
