20
1 0.965682 523.64 209.72 558.48 239.67
1 0.918912 478.10 268.28 504.94 294.83
1 0.915641 518.80 53.80 547.18 80.99
1 0.908520 495.64 20.40 525.49 49.66
1 0.908202 147.04 296.96 184.59 331.35
3 0.838143 237.69 100.27 266.23 129.13
0 0.826675 158.18 190.66 225.73 222.24
1 0.783101 128.31 122.15 152.09 145.68
3 0.777139 567.87 149.26 634.27 180.80
1 0.773521 33.11 301.23 59.72 326.30
0 0.764707 303.23 129.50 361.92 156.36
1 0.742029 379.71 0.46 403.56 21.36
1 0.511872 169.21 68.34 185.51 83.47
3 0.473491 447.40 92.84 483.27 115.44
1 0.454907 290.97 132.44 308.55 147.91
1 0.439958 589.32 343.84 612.79 359.94
1 0.434269 79.19 140.57 95.90 155.71
1 0.384250 108.33 243.15 127.13 259.97
1 0.314795 100.59 97.79 120.80 117.53
1 0.202508 238.04 101.32 266.73 128.41
