19
1 0.995934 525.586 211.682 559.499 242.245
3 0.983243 238.07 102.258 270.435 132.329
1 0.979427 479.914 271.007 506.284 297.833
1 0.970263 497.895 21.1607 527.813 52.0335
1 0.955492 519.145 55.8479 549.891 83.6236
3 0.903984 570.867 154.784 638.968 186.129
1 0.888006 33.8442 302.654 61.1201 328.982
1 0.87954 147.725 298.921 186.269 334.038
0 0.807654 304.987 135.403 364.102 158.059
0 0.734095 164.579 194.681 229.856 222.379
1 0.666034 382.3 2.85106 405.995 22.1576
1 0.567882 131.144 124.566 153.588 147.392
1 0.432043 171.313 70.7719 188.363 85.1105
1 0.41172 293.288 135.62 310.966 149.871
1 0.287308 109.76 246.161 127.634 263.485
1 0.28574 79.3684 142.383 96.8485 157.802
3 0.263597 449.494 94.998 488.591 121.64
1 0.22689 144.442 63.8522 161.244 78.694
1 0.225507 591.026 345.489 614.31 362.257
