100
0 1 371968 2.13013e+06 640 640
0 1 251297 2.62292e+06 640 640
0 1 8401.32 2.56178e+06 640 640
0 1 0 3.00813e+06 -129843 640
0 1 0 2.42327e+06 -159616 640
0 1 0 2.55368e+06 -364098 640
0 1 0 2.05094e+06 -127282 640
0 1 0 2.2337e+06 -346038 640
0 1 0 1.78331e+06 -87019.7 640
0 1 0 2.13745e+06 -229030 640
0 1 0 1.7436e+06 -61691.3 640
0 1 0 2.05329e+06 -185971 640
3 1 0 1.78516e+06 -145694 640
3 1 6164.76 2.22907e+06 640 640
3 1 0 1.87931e+06 -304414 640
3 1 0 2.31969e+06 -117510 640
3 1 0 2.63974e+06 -200572 640
3 1 0 1.87604e+06 -408988 640
3 1 0 2.29615e+06 -202382 640
3 1 0 2.59704e+06 -245270 640
3 1 0 1.84597e+06 -420266 640
3 1 0 2.23401e+06 -223553 640
3 1 0 2.00101e+06 -158695 640
3 1 0 2.53642e+06 -230098 640
3 1 0 1.84498e+06 -324203 640
3 1 0 2.22223e+06 -171494 640
3 1 0 2.02024e+06 -115019 640
3 1 0 2.54064e+06 -182330 640
3 1 0 1.83595e+06 -17679.1 640
3 1 0 1.89896e+06 -287521 640
3 1 0 1.81768e+06 -458693 640
3 1 0 2.31554e+06 -132832 640
3 1 0 2.07646e+06 -74181.7 640
3 1 0 2.64935e+06 -144740 640
3 1 22473 2.01455e+06 640 640
3 1 0 1.94539e+06 -362390 640
3 1 0 1.83301e+06 -587450 640
3 1 0 2.39382e+06 -212927 640
1 1 0 2.1328e+06 -158471 640
3 1 0 2.1328e+06 -158471 640
3 1 0 2.69315e+06 -217167 640
1 1 0 2.15889e+06 -65392 640
3 1 0 2.15889e+06 -65392 640
3 1 0 1.92533e+06 -461046 640
3 1 0 1.86927e+06 -696214 640
3 1 0 2.36067e+06 -285846 640
1 1 0 2.14814e+06 -274883 640
3 1 0 2.14814e+06 -274883 640
3 1 0 2.60624e+06 -281316 640
1 1 0 2.10467e+06 -149502 640
3 1 0 2.10467e+06 -149502 640
3 1 0 1.87414e+06 -387233 640
3 1 0 1.874e+06 -593966 640
3 1 0 2.26391e+06 -230673 640
1 1 0 2.12836e+06 -249103 640
3 1 0 2.12836e+06 -249103 640
3 1 0 2.54316e+06 -231951 640
1 1 0 2.01956e+06 -93793.7 640
3 1 0 2.01956e+06 -93793.7 640
3 1 0 1.89524e+06 -258082 640
3 1 0 1.86827e+06 -426758 640
3 1 0 2.28672e+06 -130934 640
1 1 0 2.1371e+06 -102056 640
3 1 0 2.1371e+06 -102056 640
3 1 36534.6 1.80878e+06 640 640
3 1 0 2.61211e+06 -149035 640
0 1 11904 2.0946e+06 640 640
1 1 11904 2.0946e+06 640 640
3 1 11904 2.0946e+06 640 640
3 1 0 778436 -33681.2 640
3 1 0 1.98093e+06 -191051 640
3 1 0 1.8749e+06 -395554 640
3 1 0 2.39688e+06 -117381 640
0 1 0 2.18084e+06 -67153.5 640
1 1 0 2.18084e+06 -67153.5 640
3 1 0 2.18084e+06 -67153.5 640
3 1 98322.4 1.92207e+06 640 640
3 1 0 2.72389e+06 -142090 640
0 1 18530.9 2.29827e+06 640 640
1 1 18530.9 2.29827e+06 640 640
3 1 18530.9 2.29827e+06 640 640
3 1 0 991769 -28859 640
3 1 0 2.04419e+06 -248526 640
3 1 0 1.90275e+06 -506811 640
3 1 0 2.4779e+06 -181021 640
0 1 0 2.26305e+06 -142333 640
1 1 0 2.26305e+06 -142333 640
3 1 0 2.26305e+06 -142333 640
3 1 40238.1 1.99925e+06 640 640
3 1 0 2.78288e+06 -189038 640
0 1 0 2.38493e+06 -38132.5 640
1 1 0 2.38493e+06 -38132.5 640
3 1 0 2.38493e+06 -38132.5 640
3 1 0 1.11851e+06 -74227.9 640
3 1 0 2.03766e+06 -323985 640
3 1 0 1.91174e+06 -671257 640
3 1 0 2.46935e+06 -235797 640
0 1 0 2.31221e+06 -255680 640
1 1 0 2.31221e+06 -255680 640
3 1 0 2.31221e+06 -255680 640
