20
1 0.966182 525.746 211.915 560.384 241.604
1 0.923606 480.165 270.378 506.823 296.675
1 0.918244 520.954 56.0127 548.984 82.8655
1 0.908892 497.717 22.4321 527.151 51.2415
1 0.906462 149.028 299.13 186.405 333.332
3 0.839003 239.756 102.431 267.933 130.942
0 0.813133 162.102 195.073 229.416 225.858
1 0.782897 130.385 124.286 153.987 147.623
3 0.777832 571.827 153.352 638.222 184.786
1 0.771943 35.3628 303.465 61.5066 328.026
0 0.763143 304.996 135.073 364.887 157.921
1 0.729979 381.777 2.55238 405.426 23.2843
1 0.525477 171.07 70.1855 187.644 85.5746
3 0.490098 450.005 94.9632 485.167 117.322
1 0.477313 293.027 134.509 310.444 149.834
1 0.445193 81.2367 142.591 97.8812 157.656
1 0.437234 591.464 345.924 614.779 361.924
1 0.389853 110.388 245.142 129.121 261.939
1 0.341616 102.575 99.7618 122.826 119.623
1 0.215671 242.194 105.485 270.51 132.211
